Mes,Aprueba,Desaprueba,NS/NC
2013-08,37,57,6
2013-09,40,53,7
2013-10,42,52,6
2013-11,47,47,6
2013-12,42,49,9
2014-01,40,54,6
2014-02,41,52,7
2014-03,24,69,7
2014-04,30,63,7
2014-05,30,63,7
2014-06,27,66,7
2014-07,30,62,8
2014-08,32,63,5
2014-09,31,61,8
2014-10,36,57,7
2014-11,35,59,6
2014-12,33,61,6
2015-01,30,63,7
2015-02,31,62,7
2015-03,29,66,5
2015-04,29,65,6
2015-05,30,65,5
2015-06,12,82,6
2015-07,15,79,6
2015-08,18,76,6
